 
EIGENVALUES:
         Modulus             Real        Imaginary

               0               -0                0
            0.86             0.86                0
          0.8666           0.8666                0
          0.9902           0.9902                0
           1.025            1.025                0
           1.035            1.035                0
           1.183            1.183                0
             Inf              Inf                0
             Inf              Inf                0
             Inf              Inf                0


There are 6 eigenvalue(s) larger than 1 in modulus 
for 6 forward-looking variable(s)
 
The rank condition is verified.
 
 
STEADY-STATE RESULTS:
 
d        		 57.7586
c        		 0.921159
h        		 0.738396
y        		 1.5671
i        		 -0.178474
k        		 3.32808
a        		 0
lambda   		 1.84486
tb_y     		 0.301284
ca_y     		 0
r        		 -3.68888
util     		 -1.10394
beta_fun 		 0.97561
eta      		 45.2617
 
MODEL SUMMARY
 
  Number of variables:         14
  Number of stochastic shocks: 1
  Number of state variables:   4
  Number of jumpers:           6
  Number of static variables:  5


MATRIX OF COVARIANCE OF EXOGENOUS SHOCKS

Variables       e    
e            1.000000
 


MOMENTS OF SIMULATED VARIABLES

VARIABLE      MEAN      STD. DEV.   VARIANCE    SKEWNESS    KURTOSIS  
d            54.072651    2.624050    6.885640    0.126818    0.297824
c             0.942852    0.111793    0.012498   -0.104819    0.061319
h             0.731145    0.055927    0.003128   -0.042244    0.016100
y             1.555495    0.089483    0.008007   -0.042244    0.016100
i            -0.221896    0.284581    0.080987   -0.610979    0.970876
k             3.308304    0.053208    0.002831   -0.090815    0.046910
a            -0.000342    0.038999    0.001521   -0.021898    0.004783
lambda        1.516700    0.559261    0.312772    0.314605    0.534741
tb_y          0.286203    0.039576    0.001566    0.246298    0.138837
ca_y         -0.000324    0.028142    0.000792   -0.113878    0.144357
r            -3.688879    0.000000    0.000000   -1.000000   -1.999999
util         -0.826815    0.589368    0.347354   -0.837202    2.692316
beta_fun      0.972327    0.005419    0.000029    0.090832    0.097911
eta          33.305397   24.195303  585.412704    0.974920    3.892398


CORRELATION OF SIMULATED VARIABLES

VARIABLE       d         c         h         y         i         k         a      lambda     tb_y      ca_y        r       util    beta_fun     eta   
d             1.0000   -0.3943   -0.0334   -0.0334    0.1745   -0.1838    0.0501    0.7874    0.3518   -0.0278    0.0000   -0.7807    0.7870    0.7754
c            -0.3943    1.0000    0.9297    0.9297    0.5188    0.9031    0.8555   -0.8702   -0.6412    0.1389    0.0001    0.8546   -0.8725   -0.8473
h            -0.0334    0.9297    1.0000    1.0000    0.6755    0.8859    0.9664   -0.6288   -0.6004    0.0823    0.0002    0.6134   -0.6322   -0.6076
y            -0.0334    0.9297    1.0000    1.0000    0.6755    0.8859    0.9664   -0.6288   -0.6004    0.0823    0.0002    0.6134   -0.6322   -0.6076
i             0.1745    0.5188    0.6755    0.6755    1.0000    0.2627    0.8389   -0.1962   -0.8501   -0.6481    0.0002    0.1898   -0.1975   -0.1882
k            -0.1838    0.9031    0.8859    0.8859    0.2627    1.0000    0.7369   -0.7236   -0.2672    0.5110    0.0001    0.7078   -0.7269   -0.7012
a             0.0501    0.8555    0.9664    0.9664    0.8389    0.7369    1.0000   -0.5176   -0.7288   -0.1643    0.0002    0.5039   -0.5207   -0.4992
lambda        0.7874   -0.8702   -0.6288   -0.6288   -0.1962   -0.7236   -0.5176    1.0000    0.5525   -0.1829   -0.0000   -0.9920    0.9984    0.9858
tb_y          0.3518   -0.6412   -0.6004   -0.6004   -0.8501   -0.2672   -0.7288    0.5525    1.0000    0.6652   -0.0002   -0.5443    0.5530    0.5403
ca_y         -0.0278    0.1389    0.0823    0.0823   -0.6481    0.5110   -0.1643   -0.1829    0.6652    1.0000   -0.0002    0.1820   -0.1825   -0.1805
r             0.0000    0.0001    0.0002    0.0002    0.0002    0.0001    0.0002   -0.0000   -0.0002   -0.0002    1.0000   -0.0000   -0.0000    0.0000
util         -0.7807    0.8546    0.6134    0.6134    0.1898    0.7078    0.5039   -0.9920   -0.5443    0.1820   -0.0000    1.0000   -0.9835   -0.9990
beta_fun      0.7870   -0.8725   -0.6322   -0.6322   -0.1975   -0.7269   -0.5207    0.9984    0.5530   -0.1825   -0.0000   -0.9835    1.0000    0.9754
eta           0.7754   -0.8473   -0.6076   -0.6076   -0.1882   -0.7012   -0.4992    0.9858    0.5403   -0.1805    0.0000   -0.9990    0.9754    1.0000


AUTOCORRELATION OF SIMULATED VARIABLES

VARIABLE         1             2             3             4             5      
d                 0.9987        0.9954        0.9903        0.9840        0.9765
c                 0.9478        0.8966        0.8474        0.8008        0.7585
h                 0.9211        0.8435        0.7688        0.6980        0.6339
y                 0.9211        0.8435        0.7688        0.6980        0.6339
i                 0.7435        0.5362        0.3700        0.2403        0.1456
k                 0.9891        0.9624        0.9243        0.8786        0.8282
a                 0.8583        0.7340        0.6261        0.5329        0.4567
lambda            0.9880        0.9759        0.9639        0.9520        0.9406
tb_y              0.7701        0.5875        0.4445        0.3354        0.2601
ca_y              0.8142        0.6566        0.5238        0.4135        0.3270
r           5455967.8052  5455961.2361  5455972.7460  5455977.6901  5455943.1248
util              0.9879        0.9757        0.9636        0.9516        0.9401
beta_fun          0.9879        0.9757        0.9636        0.9516        0.9402
eta               0.9876        0.9752        0.9628        0.9506        0.9389


MOMENTS OF SIMULATED VARIABLES, fernandez-villaverde_et_al, ORDER 3

VARIABLE       MEAN      STD. DEV.     VARIANCE     SKEWNESS     KURTOSIS  
d             53.631687     3.224346    10.396406     0.343722     0.347005
c              0.944557     0.118581     0.014062    -0.115645     0.055808
h              0.730053     0.055880     0.003123    -0.041999     0.016341
y              1.553747     0.089408     0.007994    -0.041999     0.016341
i             -0.233353     0.300985     0.090592    -0.654118     0.993247
k              3.305164     0.053303     0.002841    -0.090960     0.049189
a             -0.000342     0.038999     0.001521    -0.021898     0.004783
lambda         1.496806     0.715259     0.511595     0.563127     0.690126
tb_y           0.284708     0.042319     0.001791     0.261988     0.123176
ca_y          -0.000307     0.028178     0.000794    -0.096625     0.143188
r             -3.688879     0.000000     0.000000    -1.000001    -1.999997
util          -0.880095     0.909331     0.826883    -1.397514     3.394619
beta_fun       0.971955     0.006342     0.000040     0.172084     0.091941
eta           35.602336    39.514551  1561.399731     1.669536     4.706887


CORRELATION OF SIMULATED VARIABLES, fernandez-villaverde_et_al, ORDER 3

VARIABLE       d         c         h         y         i         k         a      lambda     tb_y      ca_y        r       util    beta_fun     eta   
d             1.0000   -0.4590   -0.0594   -0.0594    0.1469   -0.2089    0.0254    0.8398    0.4225   -0.0207    0.0005   -0.8177    0.8419    0.8064
c            -0.4590    1.0000    0.9124    0.9124    0.5005    0.8915    0.8351   -0.8579   -0.6896    0.1154   -0.0004    0.8324   -0.8613   -0.8207
h            -0.0594    0.9124    1.0000    1.0000    0.6712    0.8827    0.9659   -0.5752   -0.6209    0.0634   -0.0002    0.5552   -0.5789   -0.5469
y            -0.0594    0.9124    1.0000    1.0000    0.6712    0.8827    0.9659   -0.5752   -0.6209    0.0634   -0.0002    0.5552   -0.5789   -0.5469
i             0.1469    0.5005    0.6712    0.6712    1.0000    0.2517    0.8363   -0.1651   -0.8268   -0.6657    0.0001    0.1597   -0.1658   -0.1578
k            -0.2089    0.8915    0.8827    0.8827    0.2517    1.0000    0.7308   -0.6779   -0.3089    0.4985   -0.0003    0.6549   -0.6821   -0.6450
a             0.0254    0.8351    0.9659    0.9659    0.8363    0.7308    1.0000   -0.4644   -0.7339   -0.1840   -0.0001    0.4480   -0.4674   -0.4414
lambda        0.8398   -0.8579   -0.5752   -0.5752   -0.1651   -0.6779   -0.4644    1.0000    0.6013   -0.1537    0.0005   -0.9854    0.9959    0.9757
tb_y          0.4225   -0.6896   -0.6209   -0.6209   -0.8268   -0.3089   -0.7339    0.6013    1.0000    0.6325    0.0001   -0.5839    0.6033    0.5757
ca_y         -0.0207    0.1154    0.0634    0.0634   -0.6657    0.4985   -0.1840   -0.1537    0.6325    1.0000   -0.0003    0.1565   -0.1504   -0.1563
r             0.0005   -0.0004   -0.0002   -0.0002    0.0001   -0.0003   -0.0001    0.0005    0.0001   -0.0003    1.0000   -0.0006    0.0005    0.0006
util         -0.8177    0.8324    0.5552    0.5552    0.1597    0.6549    0.4480   -0.9854   -0.5839    0.1565   -0.0006    1.0000   -0.9660   -0.9987
beta_fun      0.8419   -0.8613   -0.5789   -0.5789   -0.1658   -0.6821   -0.4674    0.9959    0.6033   -0.1504    0.0005   -0.9660    1.0000    0.9520
eta           0.8064   -0.8207   -0.5469   -0.5469   -0.1578   -0.6450   -0.4414    0.9757    0.5757   -0.1563    0.0006   -0.9987    0.9520    1.0000


AUTOCORRELATION OF SIMULATED VARIABLES, fernandez-villaverde_et_al, ORDER 3

VARIABLE         1             2             3             4             5      
d                 0.9991        0.9968        0.9932        0.9886        0.9832
c                 0.9505        0.9021        0.8557        0.8118        0.7721
h                 0.9210        0.8435        0.7691        0.6987        0.6350
y                 0.9210        0.8435        0.7691        0.6987        0.6350
i                 0.7440        0.5371        0.3710        0.2415        0.1468
k                 0.9895        0.9634        0.9263        0.8817        0.8324
a                 0.8583        0.7340        0.6261        0.5329        0.4567
lambda            0.9907        0.9812        0.9718        0.9624        0.9534
tb_y              0.7907        0.6237        0.4925        0.3919        0.3219
ca_y              0.8156        0.6591        0.5272        0.4175        0.3314
r           1477550.5148  1477543.4158  1477536.6094  1477531.4207  1477530.6656
util              0.9900        0.9798        0.9697        0.9597        0.9501
beta_fun          0.9907        0.9813        0.9720        0.9626        0.9536
eta               0.9896        0.9790        0.9685        0.9581        0.9482
Total computing time : 0h00m06s
